0.0000000000 1.0000000000
0.1000000000 0.9954666667
0.2000000000 0.9835155407
0.3000000000 0.9661722688
0.4000000000 0.9449840504
0.5000000000 0.9211302824
0.6000000000 0.8955077035
0.7000000000 0.8687959104
0.8000000000 0.8415077692
0.9000000000 0.8140282001
1.0000000000 0.7866440152
1.1000000000 0.7595668695
1.2000000000 0.7329509123
1.3000000000 0.7069063610
1.4000000000 0.6815099353
1.5000000000 0.6568128770
1.6000000000 0.6328471103
1.7000000000 0.6096299732
1.8000000000 0.5871678484
1.9000000000 0.5654589468
2.0000000000 0.5444954417
2.1000000000 0.5242651005
2.2000000000 0.5047525323
2.3000000000 0.4859401397
2.4000000000 0.4678088421
2.5000000000 0.4503386248
2.6000000000 0.4335089542
2.7000000000 0.4172990894
2.8000000000 0.4016883148
2.9000000000 0.3866561125
3.0000000000 0.3721822880
