0.0000000000 1.0000000000
0.1000000000 0.9950041667
0.2000000000 0.9800665972
0.3000000000 0.9553365429
0.4000000000 0.9210610978
0.5000000000 0.8775827305
0.6000000000 0.8253358619
0.7000000000 0.7648425246
0.8000000000 0.6967071472
0.9000000000 0.6216105149
1.0000000000 0.5403029671
1.1000000000 0.4535969008
1.2000000000 0.3623586530
1.3000000000 0.2674998446
1.4000000000 0.1699682720
1.5000000000 0.0707384367
1.6000000000 -0.0291981911
1.7000000000 -0.1288430793
1.8000000000 -0.2272006108
1.9000000000 -0.3232880313
2.0000000000 -0.4161452687
2.1000000000 -0.5048445258
2.2000000000 -0.5884995505
2.3000000000 -0.6662744908
2.4000000000 -0.7373922467
2.5000000000 -0.8011422343
2.6000000000 -0.8568874859
2.7000000000 -0.9040710145
2.8000000000 -0.9422213788
2.9000000000 -0.9709573937
3.0000000000 -0.9899919391
3.1000000000 -0.9991348284
3.2000000000 -0.9982947093
3.3000000000 -0.9874799761
3.4000000000 -0.9667986860
3.5000000000 -0.9364574794
3.6000000000 -0.8967595152
3.7000000000 -0.8481014419
3.8000000000 -0.7909694341
3.9000000000 -0.7259343351
4.0000000000 -0.6536459532
4.1000000000 -0.5748265689
4.2000000000 -0.4902637182
4.3000000000 -0.4008023238
4.4000000000 -0.3073362529
4.5000000000 -0.2107993863
4.6000000000 -0.1121562867
4.7000000000 -0.0123925618
4.8000000000 0.0874949839
4.9000000000 0.1865083087
5.0000000000 0.2836581058
5.1000000000 0.3779736883
5.2000000000 0.4685126877
5.3000000000 0.5543704697
5.4000000000 0.6346891732
5.5000000000 0.7086662818
5.6000000000 0.7755626419
5.7000000000 0.8347098484
5.8000000000 0.8855169231
5.9000000000 0.9274762195
6.0000000000 0.9601684950
6.1000000000 0.9832670997
6.2000000000 0.9965412407
6.3000000000 0.9998582874
6.4000000000 0.9931850973
6.5000000000 0.9765883465
6.6000000000 0.9502338643
6.7000000000 0.9143849757
6.8000000000 0.8693998703
6.9000000000 0.8157280239
7.0000000000 0.7539057071
7.1000000000 0.6845506270
7.2000000000 0.6083557557
7.3000000000 0.5260824060
7.4000000000 0.4385526247
7.5000000000 0.3466409791
7.6000000000 0.2512658184
7.7000000000 0.1533800982
7.8000000000 0.0539618587
7.9000000000 -0.0459955475
8.0000000000 -0.1454933809
8.1000000000 -0.2435374935
8.2000000000 -0.3391482627
8.3000000000 -0.4313703789
8.4000000000 -0.5192823907
8.5000000000 -0.6020059120
8.6000000000 -0.6787143981
8.7000000000 -0.7486414045
8.8000000000 -0.8110882449
8.9000000000 -0.8654309724
9.0000000000 -0.9111266133
9.1000000000 -0.9477185928
9.2000000000 -0.9748412966
9.3000000000 -0.9922237243
9.4000000000 -0.9996921969
9.5000000000 -0.9971720920
9.6000000000 -0.9846885898
9.7000000000 -0.9623664212
9.8000000000 -0.9304286219
9.9000000000 -0.8891943032
10.0000000000 -0.8390754644
10.1000000000 -0.7805728756
10.2000000000 -0.7142710744
10.3000000000 -0.6408325256
10.4000000000 -0.5609910016
10.5000000000 -0.4755442515
10.6000000000 -0.3853460295
10.7000000000 -0.2912975651
10.8000000000 -0.1943385578
10.9000000000 -0.0954377885
11.0000000000 0.0044165608
11.1000000000 0.1042267798
11.2000000000 0.2029955997
11.3000000000 0.2997361567
11.4000000000 0.3934818528
11.5000000000 0.4832960134
11.6000000000 0.5682812469
11.7000000000 0.6475884103
11.8000000000 0.7204250940
11.9000000000 0.7860635393
12.0000000000 0.8438479098
12.1000000000 0.8932008441
12.2000000000 0.9336292250
12.3000000000 0.9647291063
12.4000000000 0.9861897489
12.5000000000 0.9977967257
12.6000000000 0.9994340638
12.7000000000 0.9910854038
12.8000000000 0.9728341626
12.9000000000 0.9448627005
13.0000000000 0.9074504988
13.1000000000 0.8609713672
13.2000000000 0.8058897093
13.3000000000 0.7427558821
13.4000000000 0.6722006968
13.5000000000 0.5949291165
13.6000000000 0.5117132122
13.7000000000 0.4233844482
13.8000000000 0.3308253750
13.9000000000 0.2349608109
14.0000000000 0.1367486013
14.1000000000 0.0371700484
14.2000000000 -0.0627798933
14.3000000000 -0.1621025586
14.4000000000 -0.2598055502
14.5000000000 -0.3549126535
14.6000000000 -0.4464735915
14.7000000000 -0.5335735191
14.8000000000 -0.6153421642
14.9000000000 -0.6909625229
15.0000000000 -0.7596790229
15.1000000000 -0.8208050729
15.2000000000 -0.8737299228
15.3000000000 -0.9179247659
15.4000000000 -0.9529480228
15.5000000000 -0.9784497535
15.6000000000 -0.9941751536
15.7000000000 -0.9999671006
15.8000000000 -0.9957677234
15.9000000000 -0.9816189809
16.0000000000 -0.9576622425
16.1000000000 -0.9241368759
16.2000000000 -0.8813778549
16.3000000000 -0.8298124130
16.4000000000 -0.7699557743
16.5000000000 -0.7024060057
16.6000000000 -0.6278380411
16.7000000000 -0.5469969378
16.8000000000 -0.4606904322
16.9000000000 -0.3697808689
17.0000000000 -0.2751765848
17.1000000000 -0.1778228331
17.2000000000 -0.0786923387
17.3000000000 0.0212244207
17.4000000000 0.1209291118
17.5000000000 0.2194255198
17.6000000000 0.3157295028
17.7000000000 0.4088788249
17.8000000000 0.4979427704
17.9000000000 0.5820314434
18.0000000000 0.6603046592
18.1000000000 0.7319803390
18.2000000000 0.7963423244
18.3000000000 0.8527475329
18.4000000000 0.9006323834
18.5000000000 0.9395184271
18.6000000000 0.9690171283
18.7000000000 0.9888337465
18.8000000000 0.9987702809
18.9000000000 0.9987274493
19.0000000000 0.9887056797
19.1000000000 0.9688051065
19.2000000000 0.9392245693
19.3000000000 0.9002596267
19.4000000000 0.8522996030
19.5000000000 0.7958236983
19.6000000000 0.7313962003
19.7000000000 0.6596608463
19.8000000000 0.5813343911
19.9000000000 0.4971994456
20.0000000000 0.4080966571
20.1000000000 0.3149163097
20.2000000000 0.2185894292
20.3000000000 0.1200784803
20.4000000000 0.0203677503
20.5000000000 -0.0795464858
20.6000000000 -0.1786659196
20.7000000000 -0.2760001842
20.8000000000 -0.3705767495
20.9000000000 -0.4614506393
21.0000000000 -0.5477138732
21.1000000000 -0.6285045390
21.2000000000 -0.7030154046
21.3000000000 -0.7705019834
21.4000000000 -0.8302899729
21.5000000000 -0.8817819925
21.6000000000 -0.9244635518
21.7000000000 -0.9579081917
21.8000000000 -0.9817817451
21.9000000000 -0.9958456758
22.0000000000 -0.9999594621
22.1000000000 -0.9940820006
22.2000000000 -0.9782720170
22.3000000000 -0.9526874793
22.4000000000 -0.9175840194
22.5000000000 -0.8733123790
22.6000000000 -0.8203149052
22.7000000000 -0.7591211304
22.8000000000 -0.6903424817
22.9000000000 -0.6146661716
23.0000000000 -0.5328483316
23.1000000000 -0.4457064571
23.2000000000 -0.3541112397
23.3000000000 -0.2589778670
23.4000000000 -0.1612568787
23.5000000000 -0.0619246691
23.6000000000 0.0380262690
23.7000000000 0.1375972605
23.8000000000 0.2357934265
23.9000000000 0.3316336251
24.0000000000 0.4241602543
24.1000000000 0.5124488202
24.2000000000 0.5956171743
24.3000000000 0.6728343271
24.4000000000 0.7433287520
24.5000000000 0.8063960930
24.6000000000 0.8614062034
24.7000000000 0.9078094413
24.8000000000 0.9451421619
24.9000000000 0.9730313496
25.0000000000 0.9911983455
25.1000000000 0.9994616314
25.2000000000 0.9977386436
25.3000000000 0.9860465978
25.4000000000 0.9645023168
25.5000000000 0.9333210639
25.6000000000 0.8928143914
25.7000000000 0.8433870281
25.8000000000 0.7855328351
25.9000000000 0.7198298715
26.0000000000 0.6469346187
26.1000000000 0.5675754208
26.2000000000 0.4825452075
26.3000000000 0.3926935712
26.4000000000 0.2989182783
26.5000000000 0.2021562991
26.6000000000 0.1033744456
26.7000000000 0.0035597120
26.8000000000 -0.0962905877
26.9000000000 -0.1951787838
27.0000000000 -0.2921168200
27.1000000000 -0.3861361249
27.2000000000 -0.4762972905
27.3000000000 -0.5616994576
27.4000000000 -0.6414893177
27.5000000000 -0.7148696380
27.6000000000 -0.7811072282
27.7000000000 -0.8395402652
27.8000000000 -0.8895849065
27.9000000000 -0.9307411237
28.0000000000 -0.9625976981
28.1000000000 -0.9848363301
28.2000000000 -0.9972348191
28.3000000000 -0.9996692839
28.4000000000 -0.9921154002
28.5000000000 -0.9746486441
28.6000000000 -0.9474435373
28.7000000000 -0.9107719041
28.8000000000 -0.8650001547
28.9000000000 -0.8105856247
29.0000000000 -0.7480720054
29.1000000000 -0.6780839112
29.2000000000 -0.6013206389
29.3000000000 -0.5185491807
29.4000000000 -0.4305965603
29.5000000000 -0.3383415697
29.6000000000 -0.2427059890
29.7000000000 -0.1446453756
29.8000000000 -0.0451395171
29.9000000000 0.0548173583
30.0000000000 0.1542265163
