0.0000000000 2.0000000000
0.1000000000 1.8950000000
0.2000000000 1.5878645000
0.3000000000 1.1145865949
0.4000000000 0.5294592765
0.5000000000 -0.1012232818
0.6000000000 -0.7067563484
0.7000000000 -1.2200363301
0.8000000000 -1.5850841301
0.9000000000 -1.7632353424
1.0000000000 -1.7373118347
1.1000000000 -1.5133244437
1.2000000000 -1.1195401156
1.3000000000 -0.6030463130
1.4000000000 -0.0242268845
1.5000000000 0.5502047673
1.6000000000 1.0548131146
1.7000000000 1.4328224214
1.8000000000 1.6424415555
1.9000000000 1.6614282193
2.0000000000 1.4893953948
2.1000000000 1.1476230913
2.2000000000 0.6764228405
2.3000000000 0.1303784097
2.4000000000 -0.4279771950
2.5000000000 -0.9353175134
2.6000000000 -1.3346938031
2.7000000000 -1.5819109821
2.8000000000 -1.6503960357
2.9000000000 -1.5340243562
3.0000000000 -1.2476058035
3.1000000000 -0.8249998393
3.2000000000 -0.3150973163
3.3000000000 0.2238548908
3.4000000000 0.7309279240
3.5000000000 1.1494191562
3.6000000000 1.4332115705
3.7000000000 1.5518714513
3.8000000000 1.4939215036
3.9000000000 1.2679385348
4.0000000000 0.9013742859
4.1000000000 0.4372563217
4.2000000000 -0.0708362136
4.3000000000 -0.5649363518
4.4000000000 -0.9892842861
4.5000000000 -1.2966039553
4.6000000000 -1.4533553788
4.7000000000 -1.4433799752
4.8000000000 -1.2695437492
4.9000000000 -0.9532135674
5.0000000000 -0.5316483108
5.1000000000 -0.0536214363
5.2000000000 0.4262119730
5.3000000000 0.8535540738
5.4000000000 1.1805977507
5.5000000000 1.3713627466
5.6000000000 1.4056397659
5.7000000000 1.2811113619
5.8000000000 1.0134289271
5.9000000000 0.6342583584
6.0000000000 0.1875363620
6.1000000000 -0.2756209574
6.2000000000 -0.7027678954
6.3000000000 -1.0460684441
6.4000000000 -1.2676530420
6.5000000000 -1.3437935564
6.6000000000 -1.2674370414
6.7000000000 -1.0488290495
6.8000000000 -0.7141759416
6.9000000000 -0.3025177501
7.0000000000 0.1388164424
7.1000000000 0.5596423505
7.2000000000 0.9126203227
7.3000000000 1.1585743668
7.4000000000 1.2708333214
7.5000000000 1.2381138417
7.6000000000 1.0656346306
7.7000000000 0.7743544391
7.8000000000 0.3984394801
7.9000000000 -0.0187351379
8.0000000000 -0.4295828710
8.1000000000 -0.7877270102
8.2000000000 -1.0532287700
8.3000000000 -1.1970334639
8.4000000000 -1.2041405115
8.5000000000 -1.0751523719
8.6000000000 -0.8260442582
8.7000000000 -0.4861991776
8.8000000000 -0.0949483875
8.9000000000 0.3029762649
9.0000000000 0.6625529299
9.1000000000 0.9435599408
9.2000000000 1.1150706473
9.3000000000 1.1588512020
9.4000000000 1.0712887886
9.5000000000 0.8636477090
9.6000000000 0.5606417990
9.7000000000 0.1975020041
9.8000000000 -0.1841138736
9.9000000000 -0.5408950345
10.0000000000 -0.8327886135
10.1000000000 -1.0274913575
10.2000000000 -1.1040188814
10.3000000000 -1.0549588057
10.4000000000 -0.8871668864
10.5000000000 -0.6208436932
10.6000000000 -0.2871130242
10.7000000000 0.0756087164
10.8000000000 0.4260293541
10.9000000000 0.7246767288
11.0000000000 0.9383399312
11.1000000000 1.0437568071
11.2000000000 1.0301389109
11.3000000000 0.9002607074
11.4000000000 0.6700048971
11.5000000000 0.3664313132
11.6000000000 0.0246029663
11.7000000000 -0.3164591870
11.8000000000 -0.6182265917
11.9000000000 -0.8470114789
12.0000000000 -0.9777230053
12.1000000000 -0.9966128918
12.2000000000 -0.9027108405
12.3000000000 -0.7078011756
12.4000000000 -0.4349585341
12.5000000000 -0.1158230653
12.6000000000 0.2130638535
12.7000000000 0.5144395617
12.8000000000 0.7545380456
12.9000000000 0.9068688576
13.0000000000 0.9551346008
13.1000000000 0.8949662889
13.2000000000 0.7342928044
13.3000000000 0.4923169281
13.4000000000 0.1972281495
13.5000000000 -0.1170761512
13.6000000000 -0.4148803410
13.7000000000 -0.6627051251
13.8000000000 -0.8330672309
13.9000000000 -0.9075224337
14.0000000000 -0.8786555412
14.1000000000 -0.7508034447
14.2000000000 -0.5394427254
14.3000000000 -0.2693249176
14.4000000000 0.0284168299
14.5000000000 0.3198520563
14.6000000000 0.5721160547
14.7000000000 0.7571122986
14.8000000000 0.8546375474
14.9000000000 0.8545825234
15.0000000000 0.7579691218
15.1000000000 0.5767190671
15.2000000000 0.3321933630
15.3000000000 0.0526803658
15.4000000000 -0.2298727395
15.5000000000 -0.4835078620
15.6000000000 -0.6798671817
15.7000000000 -0.7973599234
15.8000000000 -0.8235315268
15.9000000000 -0.7563758156
16.0000000000 -0.6044529024
16.1000000000 -0.3858119396
16.2000000000 -0.1258528831
16.3000000000 0.1456200800
16.4000000000 0.3978120770
16.5000000000 0.6024274987
16.6000000000 0.7368412126
16.7000000000 0.7865960311
16.8000000000 0.7469512499
16.9000000000 0.6233171604
17.0000000000 0.4305380372
17.1000000000 0.1911166070
17.2000000000 -0.0674083570
17.3000000000 -0.3156261816
17.4000000000 -0.5255970125
17.5000000000 -0.6739935392
17.6000000000 -0.7446888213
17.7000000000 -0.7305035761
17.8000000000 -0.6339242434
17.9000000000 -0.4667214065
18.0000000000 -0.2485231338
18.1000000000 -0.0045153241
18.2000000000 0.2374620077
18.3000000000 0.4500881137
18.4000000000 0.6096431857
18.5000000000 0.6986510595
18.6000000000 0.7077889134
18.7000000000 0.6368558066
18.8000000000 0.4947004174
18.9000000000 0.2981269810
19.0000000000 0.0699136886
19.1000000000 -0.1638233049
19.2000000000 -0.3766155991
19.3000000000 -0.5446369840
19.4000000000 -0.6493681503
19.5000000000 -0.6796340091
19.6000000000 -0.6327899491
19.7000000000 -0.5149318516
19.8000000000 -0.3401162960
19.9000000000 -0.1286893728
20.0000000000 0.0950777812
20.1000000000 0.3057723386
20.2000000000 0.4797231640
20.3000000000 0.5976573767
20.4000000000 0.6468322811
20.5000000000 0.6224072297
20.6000000000 0.5279083204
20.7000000000 0.3747428641
20.8000000000 0.1808283776
20.9000000000 -0.0314997640
21.0000000000 -0.2380580828
21.1000000000 -0.4155668253
21.2000000000 -0.5442710250
21.3000000000 -0.6101359979
21.4000000000 -0.6063736237
21.5000000000 -0.5341339195
21.6000000000 -0.4022924519
21.7000000000 -0.2263670218
21.8000000000 -0.0266950959
21.9000000000 0.1739143812
22.0000000000 0.3527839898
22.1000000000 0.4899288769
22.2000000000 0.5702868917
22.3000000000 0.5853692678
22.4000000000 0.5341513676
22.5000000000 0.4231107520
22.6000000000 0.2654171506
22.7000000000 0.0793746906
22.8000000000 -0.1136998127
22.9000000000 -0.2919168920
23.0000000000 -0.4352937673
23.1000000000 -0.5279924287
23.2000000000 -0.5600660862
23.3000000000 -0.5285217629
23.4000000000 -0.4375860894
23.5000000000 -0.2981525569
23.6000000000 -0.1264812112
23.7000000000 0.0576945043
23.8000000000 0.2334336701
23.9000000000 0.3809666580
24.0000000000 0.4839167861
24.1000000000 0.5311154606
24.2000000000 0.5178099391
24.3000000000 0.4461335673
24.4000000000 0.3247930334
24.5000000000 0.1680161311
24.6000000000 -0.0061133748
24.7000000000 -0.1777392479
24.8000000000 -0.3274948683
24.9000000000 -0.4386864458
25.0000000000 -0.4991514909
25.1000000000 -0.5025859277
25.2000000000 -0.4491954251
25.3000000000 -0.3456043854
25.4000000000 -0.2040406026
25.5000000000 -0.0408952586
25.6000000000 0.1251725247
25.7000000000 0.2753676655
25.8000000000 0.3928842673
25.9000000000 0.4647838753
26.0000000000 0.4834171796
26.1000000000 0.4472332766
26.2000000000 0.3608914220
26.3000000000 0.2346699098
26.4000000000 0.0832461888
26.5000000000 -0.0760074003
26.6000000000 -0.2250146498
26.7000000000 -0.3470453151
26.8000000000 -0.4285915189
26.9000000000 -0.4608605116
27.0000000000 -0.4407191107
27.1000000000 -0.3709888101
27.2000000000 -0.2600649752
27.3000000000 -0.1209101888
27.4000000000 0.0304579915
27.5000000000 0.1768087251
27.6000000000 0.3016575004
27.7000000000 0.3911210152
27.8000000000 0.4354588249
27.9000000000 0.4301308234
28.0000000000 0.3762561069
28.1000000000 0.2804276065
28.2000000000 0.1539101387
28.3000000000 0.0113189115
28.4000000000 -0.1310667867
28.5000000000 -0.2571603723
28.6000000000 -0.3528836475
28.7000000000 -0.4077366419
28.8000000000 -0.4159467935
28.9000000000 -0.3770719971
29.0000000000 -0.2959950644
29.1000000000 -0.1823165592
29.2000000000 -0.0492208756
29.3000000000 0.0880508295
29.4000000000 0.2139442076
29.5000000000 0.3143525264
29.6000000000 0.3781955746
29.7000000000 0.3986401499
29.8000000000 0.3738279545
29.9000000000 0.3070337785
30.0000000000 0.2062420284
