0.0000000000 2.0000000000
0.1000000000 1.9008333333
0.2000000000 1.6131947917
0.3000000000 1.1656071703
0.4000000000 0.6024522966
0.5000000000 -0.0204297765
0.6000000000 -0.6412776340
0.7000000000 -1.1985324064
0.8000000000 -1.6369415104
0.9000000000 -1.9130370194
1.0000000000 -1.9994454752
1.1000000000 -1.8876018259
1.2000000000 -1.5885984184
1.3000000000 -1.1320848901
1.4000000000 -0.5633280649
1.5000000000 0.0612765999
1.6000000000 0.6797969423
1.7000000000 1.2309049283
1.8000000000 1.6599574992
1.9000000000 1.9244145004
2.0000000000 1.9980564970
2.1000000000 1.8735842849
2.2000000000 1.5633423684
2.3000000000 1.0980946971
2.4000000000 0.5239740767
2.5000000000 -0.1020922456
2.6000000000 -0.7180272338
2.7000000000 -1.2627592549
2.8000000000 -1.6822774978
2.9000000000 -1.9349872079
3.0000000000 -1.9958337595
3.1000000000 -1.8587866688
3.2000000000 -1.5374372736
3.3000000000 -1.0636508425
3.4000000000 -0.4844067892
3.5000000000 0.1428596824
3.6000000000 0.7559525917
3.7000000000 1.2940821617
3.8000000000 1.7038922854
3.9000000000 1.9447508396
4.0000000000 1.9927783048
4.1000000000 1.8432152609
4.2000000000 1.5108940352
4.3000000000 1.0287677645
4.4000000000 0.4446427461
4.5000000000 -0.1835619013
4.6000000000 -0.7935572286
4.7000000000 -1.3248606482
4.8000000000 -1.7247929374
4.9000000000 -1.9537014312
5.0000000000 -1.9888915224
5.1000000000 -1.8268766665
5.2000000000 -1.4837238193
5.3000000000 -0.9934600829
5.4000000000 -0.4046985713
5.5000000000 0.2241819231
5.6000000000 0.8308254928
5.7000000000 1.3550819426
5.8000000000 1.7449708281
5.9000000000 1.9618353584
6.0000000000 1.9841751485
6.1000000000 1.8097778101
6.2000000000 1.4559380524
6.3000000000 0.9577425928
6.4000000000 0.3645909613
6.5000000000 -0.2647028048
6.6000000000 -0.8677418756
6.7000000000 -1.3847335076
6.8000000000 -1.7644176347
6.9000000000 -1.9691493384
7.0000000000 -1.9786312655
7.1000000000 -1.7919259329
7.2000000000 -1.4275484160
7.3000000000 -0.9216302581
7.4000000000 -0.3243366787
7.5000000000 0.3051076476
7.6000000000 0.9042910171
7.7000000000 1.4138030453
7.8000000000 1.7831253409
7.9000000000 1.9756404308
8.0000000000 1.9722623008
8.1000000000 1.7733285890
8.2000000000 1.3985668423
8.3000000000 0.8851382054
8.4000000000 0.2839525449
8.5000000000 -0.3453796030
8.6000000000 -0.9404577126
8.7000000000 -1.4422785026
8.8000000000 -1.8010862397
8.9000000000 -1.9813060393
9.0000000000 -1.9650710258
9.1000000000 -1.7539936430
9.2000000000 -1.3690055088
9.3000000000 -0.8482817181
9.4000000000 -0.2434554334
9.5000000000 0.3855018808
9.6000000000 0.9762269193
9.7000000000 1.4701480757
9.8000000000 1.8182929370
9.9000000000 1.9861439123
10.0000000000 1.9570605547
10.1000000000 1.7339292659
10.2000000000 1.3388768332
10.3000000000 0.8110762292
10.4000000000 0.2028622622
10.5000000000 -0.4254577550
10.6000000000 -1.0115837625
10.7000000000 -1.4974002155
10.8000000000 -1.8347383546
10.9000000000 -1.9901521442
11.0000000000 -1.9482343434
11.1000000000 -1.7131439323
11.2000000000 -1.3081934686
11.3000000000 -0.7735373155
11.4000000000 -0.1621899874
11.5000000000 0.4652305717
11.6000000000 1.0465135414
11.7000000000 1.5240236323
11.8000000000 1.8504157328
11.9000000000 1.9933291757
12.0000000000 1.9385961875
12.1000000000 1.6916464165
12.2000000000 1.2769682976
12.3000000000 0.7356806906
12.4000000000 0.1214555957
12.5000000000 -0.5048037557
12.6000000000 -1.0810017355
12.7000000000 -1.5500073001
12.8000000000 -1.8653186336
12.9000000000 -1.9956737948
13.0000000000 -1.9281502213
13.1000000000 -1.6694457888
13.2000000000 -1.2452144274
13.3000000000 -0.6975221988
13.4000000000 -0.0806760973
13.5000000000 0.5441608172
13.6000000000 1.1150340108
13.7000000000 1.5753404616
13.8000000000 1.8794409430
13.9000000000 1.9971851371
14.0000000000 1.9169009155
14.1000000000 1.6465514117
14.2000000000 1.2129451838
14.3000000000 0.6590778080
14.4000000000 0.0398685189
14.5000000000 -0.5832853590
14.6000000000 -1.1485962253
14.7000000000 -1.6000126325
14.8000000000 -1.8927768736
14.9000000000 -1.9978626860
15.0000000000 -1.9048530754
15.1000000000 -1.6229729360
15.2000000000 -1.1801741061
15.3000000000 -0.6203636035
15.4000000000 0.0009501033
15.5000000000 0.6221610832
15.6000000000 1.1816744353
15.7000000000 1.6240136056
15.8000000000 1.9053209671
15.9000000000 1.9977062732
16.0000000000 1.8920118391
16.1000000000 1.5987202968
16.2000000000 1.1469149412
16.3000000000 0.5813957808
16.4000000000 -0.0417627310
16.5000000000 -0.6607717979
16.6000000000 -1.2142549009
16.7000000000 -1.6473334557
16.8000000000 -1.9170680966
16.9000000000 -1.9967160782
17.0000000000 -1.8783826752
17.1000000000 -1.5738037090
17.2000000000 -1.1131816376
17.3000000000 -0.5421906390
17.4000000000 0.0825523304
17.5000000000 0.6991014241
17.6000000000 1.2463240921
17.7000000000 1.6699625427
17.8000000000 1.9280134682
17.9000000000 1.9948926287
18.0000000000 1.8639713801
18.1000000000 1.5482336635
18.2000000000 1.0789883402
18.3000000000 0.5027645742
18.4000000000 -0.1233018801
18.5000000000 -0.7371340023
18.6000000000 -1.2778686938
18.7000000000 -1.6918915165
18.8000000000 -1.9381526235
18.9000000000 -1.9922368001
19.0000000000 -1.8487840762
19.1000000000 -1.5220209223
19.2000000000 -1.0443493835
19.3000000000 -0.4631340724
19.4000000000 0.1639943773
19.5000000000 0.7748536993
19.6000000000 1.3088756120
19.7000000000 1.7131113204
19.8000000000 1.9474814412
19.9000000000 1.9887498149
20.0000000000 1.8328272089
20.1000000000 1.4951765142
20.2000000000 1.0092792862
20.3000000000 0.4233157025
20.4000000000 -0.2046128458
20.5000000000 -0.8122448144
20.6000000000 -1.3393319785
20.7000000000 -1.7336131950
20.8000000000 -1.9559961389
20.9000000000 -1.9844332427
21.0000000000 -1.8161075436
21.1000000000 -1.4677117301
21.2000000000 -0.9737927452
21.3000000000 -0.3833261098
21.4000000000 0.2451403423
21.5000000000 0.8492917864
21.6000000000 1.3692251572
21.7000000000 1.7533886815
21.8000000000 1.9636932742
21.9000000000 1.9792889987
22.0000000000 1.7986321635
22.1000000000 1.4396381185
22.2000000000 0.9379046289
22.3000000000 0.3431820086
22.4000000000 -0.2855599639
22.5000000000 -0.8859791998
22.6000000000 -1.3985427483
22.7000000000 -1.7724296257
22.8000000000 -1.9705697466
22.9000000000 -1.9733193437
23.0000000000 -1.7804084661
23.1000000000 -1.4109674802
23.2000000000 -0.9016299714
23.3000000000 -0.3029001755
23.4000000000 0.3258548550
23.5000000000 0.9222917914
23.6000000000 1.4272725943
23.7000000000 1.7907281811
23.8000000000 1.9766227987
23.9000000000 1.9665268824
24.0000000000 1.7614441602
24.1000000000 1.3817118636
24.2000000000 0.8649839659
24.3000000000 0.2624974422
24.4000000000 -0.3660082145
24.5000000000 -0.9582144563
24.6000000000 -1.4554027844
24.7000000000 -1.8082768119
24.8000000000 -1.9818500168
24.9000000000 -1.9589145628
25.0000000000 -1.7417472629
25.1000000000 -1.3518835598
25.2000000000 -0.8279819589
25.3000000000 -0.2219906885
25.4000000000 0.4060033024
25.5000000000 0.9937322546
25.6000000000 1.4829216599
25.7000000000 1.8250682966
25.8000000000 1.9862493326
25.9000000000 1.9504856744
26.0000000000 1.7213260955
26.1000000000 1.3214950969
26.2000000000 0.7906394429
26.3000000000 0.1813968356
26.4000000000 -0.4458234474
26.5000000000 -1.0288304173
26.6000000000 -1.5098178188
26.7000000000 -1.8410957306
26.8000000000 -1.9898190233
26.9000000000 -1.9412438474
27.0000000000 -1.7001892809
27.1000000000 -1.2905592353
27.2000000000 -0.7529720509
27.3000000000 -0.1407328384
27.4000000000 0.4854520533
27.5000000000 1.0634943529
27.6000000000 1.5360801206
27.7000000000 1.8563525291
27.8000000000 1.9925577129
27.9000000000 1.9311930506
28.0000000000 1.6783457392
28.1000000000 1.2590889622
28.2000000000 0.7149955488
28.3000000000 0.1000156789
28.4000000000 -0.5248726062
28.5000000000 -1.0977096527
28.6000000000 -1.5616976908
28.7000000000 -1.8708324299
28.8000000000 -1.9944643722
28.9000000000 -1.9203375899
29.0000000000 -1.6558046846
29.1000000000 -1.2270974860
29.2000000000 -0.6767258298
29.3000000000 -0.0592623589
29.4000000000 0.5640686812
29.5000000000 1.1314620975
29.6000000000 1.5866599256
29.7000000000 1.8845294960
29.8000000000 1.9955383196
29.9000000000 1.9086821066
30.0000000000 1.6325756208
30.1000000000 1.1945982306
30.2000000000 0.6381789072
30.3000000000 0.0184898931
30.4000000000 -0.6030239494
30.5000000000 -1.1647376632
30.6000000000 -1.6109564961
30.7000000000 -1.8974381178
30.8000000000 -1.9957792209
30.9000000000 -1.8962315751
31.0000000000 -1.6086683375
31.1000000000 -1.1616048304
31.2000000000 -0.5993709076
31.3000000000 0.0222846984
31.4000000000 0.6417221846
31.5000000000 1.1975225266
31.6000000000 1.6345773527
31.7000000000 1.9095530156
31.8000000000 1.9951870899
31.9000000000 1.8829913011
32.0000000000 1.5840929062
32.1000000000 1.1281311239
32.2000000000 0.5603180647
32.3000000000 -0.0630443966
32.4000000000 -0.6801472704
32.5000000000 -1.2298030711
32.6000000000 -1.6575127291
32.7000000000 -1.9208692418
32.8000000000 -1.9937622880
32.9000000000 -1.8689669192
33.0000000000 -1.5588596759
33.1000000000 -1.0941911482
33.2000000000 -0.5210367118
33.3000000000 0.1037721914
33.4000000000 0.7182832061
33.5000000000 1.2615658928
33.6000000000 1.6797531466
33.7000000000 1.9313821828
33.8000000000 1.9915055240
33.9000000000 1.8541643903
34.0000000000 1.5329792686
34.1000000000 1.0597991331
34.2000000000 0.4815432755
34.3000000000 -0.1444510882
34.4000000000 -0.7561141144
34.5000000000 -1.2927978055
34.6000000000 -1.7012894179
34.7000000000 -1.9410875607
34.8000000000 -1.9884178541
34.9000000000 -1.8385899995
35.0000000000 -1.5064625750
35.1000000000 -1.0249694953
35.2000000000 -0.4418542688
35.3000000000 0.1850641149
35.4000000000 0.7936242471
35.5000000000 1.3234858463
35.6000000000 1.7221126505
35.7000000000 1.9499814355
35.8000000000 1.9845006808
35.9000000000 1.8222503531
36.0000000000 1.4793207500
36.1000000000 0.9897168318
36.2000000000 0.4019862839
36.3000000000 -0.2255943297
36.4000000000 -0.8307979922
36.5000000000 -1.3536172813
36.6000000000 -1.7422142512
36.7000000000 -1.9580602065
36.8000000000 -1.9797557529
36.9000000000 -1.8051523758
37.0000000000 -1.4515652077
37.1000000000 -0.9540559147
37.2000000000 -0.3619559854
37.3000000000 0.2660248273
37.4000000000 0.8676198803
37.5000000000 1.3831796105
37.6000000000 1.7615859289
37.7000000000 1.9653206134
37.8000000000 1.9741851643
37.9000000000 1.7873033081
38.0000000000 1.4232076170
38.1000000000 0.9180016838
38.2000000000 0.3217801034
38.3000000000 -0.3063387466
38.4000000000 -0.9040745909
38.5000000000 -1.4121605732
38.6000000000 -1.7802196983
38.7000000000 -1.9717597381
38.8000000000 -1.9677913534
38.9000000000 -1.7687107028
39.0000000000 -1.3942598962
39.1000000000 -0.8815692417
39.2000000000 -0.2814754267
39.3000000000 0.3465192772
39.4000000000 0.9401469589
39.5000000000 1.4405481531
39.6000000000 1.7981078832
39.7000000000 1.9773750057
39.8000000000 1.9605771017
39.9000000000 1.7493824220
40.0000000000 1.3647342087
40.1000000000 0.8447738463
40.2000000000 0.2410587951
40.3000000000 -0.3865496669
40.4000000000 -0.9758219808
40.5000000000 -1.4683305832
40.6000000000 -1.8152431197
40.7000000000 -1.9821641855
40.8000000000 -1.9525455328
40.9000000000 -1.7293266340
41.0000000000 -1.3346429570
41.1000000000 -0.8076309050
41.2000000000 -0.2005470932
41.3000000000 0.4264132284
41.4000000000 1.0110848209
41.5000000000 1.4954963505
41.6000000000 1.8316183593
41.7000000000 1.9861253919
41.8000000000 1.9437001109
41.9000000000 1.7085518093
42.0000000000 1.3039987782
42.1000000000 0.7701559683
42.2000000000 0.1599572429
42.3000000000 -0.4660933462
42.4000000000 -1.0459208180
42.5000000000 -1.5220342012
42.6000000000 -1.8472268713
42.7000000000 -1.9892570850
42.8000000000 -1.9340446398
42.9000000000 -1.6870667176
43.0000000000 -1.2728145385
43.1000000000 -0.7323647230
43.2000000000 -0.1193061961
43.3000000000 0.5055734839
43.4000000000 1.0803154905
43.5000000000 1.5479331451
43.6000000000 1.8620622462
43.7000000000 1.9915580716
43.8000000000 1.9235832603
43.9000000000 1.6648804237
44.0000000000 1.2411033277
44.1000000000 0.6942729859
44.2000000000 0.0786109284
44.3000000000 -0.5448371907
44.4000000000 -1.1142545435
44.5000000000 -1.5731824600
44.6000000000 -1.8761183982
44.7000000000 -1.9930275052
44.8000000000 -1.9123204495
44.9000000000 -1.6420022840
45.0000000000 -1.2088784535
45.1000000000 -0.6558966968
45.2000000000 -0.0378884311
45.3000000000 0.5838681082
45.4000000000 1.1477238738
45.5000000000 1.5977716964
45.6000000000 1.8893895672
45.7000000000 1.9936648865
45.8000000000 1.9002610180
45.9000000000 1.6184419423
46.0000000000 1.1761534365
46.1000000000 0.6172519123
46.2000000000 -0.0028442952
46.3000000000 -0.6226499777
46.4000000000 -1.1807095764
46.5000000000 -1.6216906819
46.6000000000 -1.9018703219
46.7000000000 -1.9934700636
46.8000000000 -1.8874101087
46.9000000000 -1.5942093256
47.0000000000 -1.1429420041
47.1000000000 -0.5783547989
47.2000000000 0.0435702481
47.3000000000 0.6611666465
47.4000000000 1.2131979501
47.5000000000 1.6449295250
47.6000000000 1.9135555614
47.7000000000 1.9924432319
47.8000000000 1.8737731936
47.9000000000 1.5693146405
48.0000000000 1.1092580848
48.1000000000 0.5392216260
48.2000000000 -0.0842724303
48.3000000000 -0.6994020750
48.4000000000 -1.2451755031
48.5000000000 -1.6674786196
48.6000000000 -1.9244405176
48.7000000000 -1.9905849342
48.8000000000 -1.8593560724
48.9000000000 -1.5437683682
49.0000000000 -1.0751158024
49.1000000000 -0.4998687594
49.2000000000 0.1249338568
49.3000000000 0.7373403429
49.4000000000 1.2766289586
49.5000000000 1.6893286487
49.6000000000 1.9345207571
49.7000000000 1.9878960601
49.8000000000 1.8441648695
49.9000000000 1.5175812607
50.0000000000 1.0405294700
